0,4,0.4
1,4,0.4
2,4,0.4
3,4,0.4
4,4,0.4
5,4,0.4
6,4,0.4
7,4,0.4
8,4,0.4
9,4,0.4
10,4,0.4
11,4,0.4
12,4,0.4
13,4,0.4
14,4,0.4
15,4,0.4
16,4,0.4
17,4,0.4
18,4,0.4
19,4,0.4
20,3.82,0.58
21,3.64,0.76
22,3.46,0.94
23,3.28,1.12
24,3.1,1.3
25,2.92,1.48
26,2.74,1.66
27,2.56,1.84
28,2.38,2.02
29,2.2,2.2
30,2.02,2.38
31,1.84,2.56
32,1.66,2.74
33,1.48,2.92
34,1.3,3.1
35,1.12,3.28
36,0.94,3.46
37,0.76,3.64
38,0.58,3.82
39,0.4,4
40,0.4,4
41,0.58,3.82
42,0.76,3.64
43,0.94,3.46
44,1.12,3.28
45,1.3,3.1
46,1.48,2.92
47,1.66,2.74
48,1.84,2.56
49,2.02,2.38
50,2.2,2.2
51,2.38,2.02
52,2.56,1.84
53,2.74,1.66
54,2.92,1.48
55,3.1,1.3
56,3.28,1.12
57,3.46,0.94
58,3.64,0.76
59,3.82,0.58
60,4,0.4
61,3.82,0.58
62,3.64,0.76
63,3.46,0.94
64,3.28,1.12
65,3.1,1.3
66,2.92,1.48
67,2.74,1.66
68,2.56,1.84
69,2.38,2.02
70,2.2,2.2
71,2.02,2.38
72,1.84,2.56
73,1.66,2.74
74,1.48,2.92
75,1.3,3.1
76,1.12,3.28
77,0.94,3.46
78,0.76,3.64
79,0.58,3.82
80,0.4,4
